state = {
	id = 23
	name = "STATE_23"
	provinces = {
		22
		69
		87
		141
		208
		247
		268
		291
		310
		326
		376
		402
		471
		495
		504
		511
		540
		586
		628
		629
		643
		650
		668
		697
		703
		774
		788
		833
		871
		893
		897
		1052
		1103
		1105
		1149
		1154
		1182
		1364
		1448
		1459
		1468
		1493
		1528
		1541
		1622
		1657
		1683
		1758
		1802
		1806
		1865
		1884
		1890
		1908
		1928
		1931
		1974
		1980
		2010
		2050
		2088
		2260
		2264
		2273
		2275
		2282
		2283
		2323
		2327
	}
	buildings_max_level_factor = 1
	manpower = 135654
	state_category = town
	history = {
		owner = SOV
		add_core_of = SOV
	}
}
