state = {
	id = 50
	name = "STATE_50"
	provinces = {
		9
		142
		148
		150
		170
		229
		301
		362
		395
		407
		507
		518
		532
		616
		652
		667
		686
		763
		772
		798
		804
		828
		854
		862
		866
		907
		948
		957
		976
		990
		1023
		1029
		1050
		1113
		1130
		1142
		1221
		1231
		1281
		1391
		1410
		1538
		1703
		1757
		1759
		1773
		1782
		1929
		1938
		1994
		2005
		2025
		2057
		2165
		2170
		2190
		2196
		2205
		2206
		2212
		1979
		79
		651
		1041
		816
		112
		1524
		1352
		182
		2207
		213
		1039
		2204
		1965
		690
		1981
		928
	}
	buildings_max_level_factor = 1
	manpower = 76933
	state_category = town
	history = {
		owner = EST
		add_core_of = EST
		victory_points = {
			2196
			5
		}
	}
}
